9988
8454
1335
3271
8238
4529
7282
1132
7078
5927
6505
2432
3069
4597
340
5347
826
1534
5800
4915
8089
9058
8135
87
2302
5311
6402
9611
2825
1212
9670
1377
4600
3423
6374
7991
6908
7222
6438
5435
2291
6796
4523
6873
7861
2536
310
8823
6407
1254
4691
1090
8779
7950
2292
9106
3523
4924
61
6940
7649
944
9714
4808
5650
9097
2622
2306
5703
5558
5887
5300
3609
2547
7371
9245
2195
6044
5417
8296
2389
7320
6122
386
7350
3867
5079
7764
4896
7108
953
4391
237
1601
9987
8323
707
2852
1016
1904
2871
9197
6050
9445
3334
4151
9125
6012
3617
5153
5026
603
2496
9871
2550
7856
4996
1563
3835
8154
4130
1192
1719
9173
112
1096
5580
4081
6653
4350
7191
5012
5253
1077
852
9446
1890
1452
9928
3052
6301
3418
4537
4359
3582
9882
8082
4728
8751
3798
8045
2420
8475
2915
4559
5804
5106
3615
7765
5379
9122
9447
7867
628
1025
5712
5249
1853
9719
2053
322
3890
1353
1742
6114
9571
2232
9084
3906
9168
4096
2875
9743
181
3184
6654
6363
3693
5147
6396
1865
2060
2848
7024
6598
5600
2509
1666
2305
7139
6673
9673
6342
9523
3412
1735
6567
1923
8652
7272
2766
6491
4790
8433
5742
4118
3361
958
5433
9223
5456
9678
906
3853
8732
1015
3144
817
5178
6046
9226
4977
1098
9098
2489
6914
9544
6874
5262
8354
6871
1274
1045
7840
9134
4551
1114
4132
7587
7128
7758
4065
1269
9191
9952
4154
3708
1575
4773
240
3642
3118
1374
4156
4241
537
7296
1819
5276
9022
678
4630
8942
7731
6937
9393
5100
3255
5838
2514
6405
5802
7494
3191
7812
5439
2447
8564
1218
8456
5333
4835
6485
9182
6268
3841
5859
4707
4618
7523
7634
7823
9626
7043
498
2394
6163
4646
2268
811
2866
5466
4123
9166
1496
86
8073
6314
9475
1859
724
6741
3726
6106
2959
808
6062
2686
1346
6766
7725
7112
6682
1829
5243
7574
4637
2351
2711
2106
6989
692
9428
5534
2487
9338
497
4688
4761
7568
3179
193
5111
4943
6308
4341
9634
5152
5576
2194
6628
6636
9781
8854
8873
1415
8841
7390
5673
1164
7848
3957
7517
1886
7690
9676
1722
2979
7530
5563
2630
9502
6624
5733
2397
5845
873
7162
5515
5934
5160
590
3149
1638
4433
9835
2440
9728
877
8425
923
8439
5217
471
9333
7203
7153
5150
1436
1806
2475
1
2090
2492
1116
9013
9888
9498
2019
6939
1549
5851
717
5601
9668
4697
8880
183
9005
2673
7268
4631
9551
4777
8246
7403
7028
3172
2407
7776
3854
8443
8385
1828
437
2003
930
1163
4496
7010
4826
7531
6773
3616
8657
127
2144
7018
239
6805
5560
6469
6315
7278
6830
9526
960
6823
9503
3892
2476
7254
9923
9429
1385
686
7258
236
3075
8864
6411
5948
2505
489
6478
5443
5527
8613
1553
3131
3203
6558
8217
1403
9909
8124
5005
1362
980
8513
9109
5151
8028
6419
2201
2842
5849
2092
7478
2285
2769
347
9796
9765
4262
4999
5310
2969
4710
3649
2141
454
8693
2939
8805
1647
8623
199
3190
7666
1765
5773
1080
7897
7813
3148
8356
7142
2363
5202
8003
2330
8231
4690
6256
7127
4708
5602
8627
2913
8982
3811
377
7000
2998
1697
6069
5052
6455
476
1583
1617
8484
748
8051
7642
2499
5308
9265
8490
1332
3646
7767
6570
7502
1082
2171
7045
5229
2047
6362
9826
1599
586
3777
4229
8551
2722
7701
4582
5445
31
9303
912
2400
7213
6239
6977
9286
8081
2006
1107
2308
594
9231
5806
3846
2421
1903
7113
3270
7226
1569
2409
9993
2464
7229
5400
7035
6603
9652
839
1741
9914
3352
3976
4369
247
5254
8129
3324
4317
3340
3654
8341
4781
7148
2879
1488
5438
3815
7190
1586
1667
7375
727
8116
7349
8216
3204
7033
983
7821
3083
3346
1608
7053
2296
211
7910
7255
760
5363
2449
1425
8220
8705
3855
1351
271
7012
4466
4500
6154
4040
9741
1189
2234
4956
5682
7707
5494
5369
3647
6649
1172
4050
8806
7962
8981
5532
9246
8741
2807
2164
5979
7598
9968
7472
3740
1623
3163
8168
767
1390
6432
7528
6956
2069
5049
9931
4275
4887
8219
7973
3257
5727
3377
8056
1263
9159
8393
753
3446
7205
1780
1554
371
7357
2267
1934
6473
7586
8549
5813
2932
4527
2248
5935
5415
6531
6566
764
6294
5721
1456
2828
6403
1962
1910
9158
5118
3574
6092
1340
736
2841
6289
7265
5626
3697
1631
217
3197
3272
4553
1851
8339
7183
6648
4452
7945
4629
6751
1471
8998
3005
5967
4402
7365
7605
7269
2477
8844
8502
5399
7831
2774
5016
2093
6226
2361
2365
1537
2367
7030
2182
300
1033
7285
493
7159
2062
6907
1634
7562
8183
5589
4667
7807
6685
6284
9617
9912
4051
8295
2490
976
4043
9822
9954
4010
3897
695
9699
1458
9690
9466
9252
8987
9599
4508
2697
4876
8441
9662
425
5627
9282
4811
8442
514
6031
1251
3449
4608
4094
4755
5149
8113
3101
6538
2615
3199
5138
859
6595
1566
4137
6801
4758
5590
3430
1776
8517
9225
4467
8330
3304
6703
5278
3327
8131
58
6957
6147
8234
7498
9366
4494
7297
7196
2427
8416
4921
4633
3524
1322
7990
1668
5102
1475
8780
5796
8951
857
8386
5698
5883
1992
9329
5366
5503
9979
3651
8210
1202
2134
741
4063
343
3345
3493
8980
8019
1870
2278
5549
1138
5434
6536
6089
3599
4607
8908
3044
106
8887
990
2018
5874
8085
6853
4745
8252
8707
2638
1593
6456
5286
7799
610
9682
8495
8357
3431
6344
9164
1559
5323
4186
9437
2480
5076
4718
8485
4739
1545
6580
2566
3860
4888
2565
4355
2013
9581
8224
9209
5218
3309
7852
1846
8687
3536
2719
1782
7256
1484
8718
7896
718
1876
7931
2782
6866
7780
777
4460
7749
981
8811
3280
3159
6855
8822
6640
6386
3518
3310
250
2005
253
9495
2515
8902
3139
1572
570
9631
4175
2859
2581
2
9573
8524
8671
4444
8125
4645
8669
8213
4800
4294
4746
1959
6088
9703
3048
1740
5819
2020
2098
1094
2627
7318
6784
2743
8481
5007
9717
5818
1337
763
8372
491
7347
830
7020
1938
5267
7044
9570
8336
5749
3800
9906
1915
8702
1775
6626
9555
9793
914
8225
573
1160
3949
3889
6105
7155
2015
2304
1982
41
5479
8122
9559
1505
8047
3554
3881
2710
6884
6577
3216
6535
7653
9355
1102
1810
4169
3505
4116
4012
3460
5766
6468
8875
2571
2395
4037
9104
5182
25
3779
9533
7637
9233
7576
4246
7011
2545
7674
1066
95
4042
2659
466
325
5972
6435
2693
3405
139
231
8635
1880
7246
5978
1109
7609
4125
6838
3495
8572
9939
5605
9418
188
6103
5139
9915
7761
1696
448
9880
5483
4064
2203
430
1300
8686
8600
7144
6345
9710
5047
8587
6005
574
6287
1761
1347
6263
8189
1852
3785
9843
150
3797
9775
3448
5539
9007
7692
1483
3598
8499
3020
5275
4512
8317
1781
8199
904
8661
2272
2486
505
255
2865
7489
6850
8302
1540
9195
8105
1946
4624
3348
6859
4338
1803
4115
3384
6258
2008
792
5500
2795
9543
9841
5392
8533
3794
4282
6257
7439
1318
5862
8722
8430
1536
9772
5442
3552
552
1438
6113
8888
9467
8061
7249
3962
5145
2572
3728
9811
6780
5209
1920
9721
7890
458
2611
4813
4274
7766
4851
3638
5345
1965
3360
1183
9374
693
8731
2793
7651
516
3743
5306
7197
1395
6969
9210
863
391
6756
7737
5203
358
6351
561
3687
6814
2066
7146
8050
4670
4605
2857
3956
1704
7932
6688
7619
3308
1305
6477
8169
6140
975
8316
506
9679
2211
9024
184
5146
5337
3968
626
9003
7377
2083
9853
5745
7916
1994
6383
7865
6786
1615
3222
2177
8569
2657
8522
2057
4451
3484
7432
8606
6923
829
8167
8014
6008
4599
966
8042
8581
719
8118
6931
1522
9491
9608
6506
5667
8566
9382
9943
7983
3658
7408
7851
6445
4941
4970
6300
2044
2578
5092
7988
7858
5739
9986
1970
296
2513
2516
8648
3034
5222
8586
5654
1922
4016
1675
3848
3557
4484
991
8440
4001
7005
8010
9832
2415
4252
8108
9464
9681
3730
8270
8158
2491
5297
4533
4277
1418
5779
8411
3136
3570
9554
5913
733
758
6178
9412
7928
2235
3316
3733
5975
4725
2004
9301
5678
2770
7154
1282
3186
8662
7266
9851
3884
6290
4395
6646
8683
4347
2258
2683
4914
6357
6742
2364
9102
2132
3760
1108
4280
8151
5660
8226
8184
7185
6211
6235
4684
1506
7455
8018
4680
2254
5790
3374
3712
3612
388
9416
6232
6842
5245
6924
1398
2170
4389
7382
9067
8053
4737
7300
3850
7671
9733
7772
8744
3930
4515
7099
2159
7943
6218
8899
4879
8250
7935
1203
8573
9377
6910
1885
6414
279
6430
1956
198
3402
1328
8432
8848
6629
1960
6672
4767
1401
4805
5881
4979
1154
5207
7442
2758
665
8173
7138
8884
5571
9325
4470
8033
7579
8922
4075
1089
9745
9840
4150
6511
2214
9539
3555
9064
3613
4078
179
6360
576
2750
7670
99
8728
8211
2065
8039
3176
5128
8853
7067
7977
654
3355
4868
5823
5
9940
298
7600
140
2628
5189
5971
1757
7712
8107
2430
9342
396
3426
8916
9417
5879
6179
203
987
1565
4
1221
2704
8407
6501
1656
5293
2899
8382
4604
7421
2644
2701
431
287
91
1807
5410
6785
1688
8465
1042
3952
8388
1119
9038
7546
1687
9755
258
9403
2438
3591
7016
8161
7241
1480
4403
1190
524
604
6687
7810
8762
8464
8620
7795
4579
3829
9723
3521
7527
3438
5027
9889
8537
7603
2023
8423
744
6267
8289
338
5591
771
5987
2527
878
5018
3354
4644
2748
5248
8733
9456
2605
1793
660
8872
9419
4178
5357
9615
2075
7790
4785
7115
8607
9716
2123
4390
2781
5648
1682
8960
3209
8303
5057
337
1238
5661
3419
9313
1250
7539
4021
8646
9536
7646
1280
8389
7601
638
1106
9011
3510
2818
3153
5048
9911
154
5123
7818
4569
9450
8090
7198
8971
4431
4481
5884
8032
4571
4219
7987
4053
3834
5448
4692
8757
7958
2760
5279
9922
932
3160
7232
8048
1983
5674
1423
3439
4706
339
9515
5280
3665
1692
1170
1754
6818
6612
384
6604
6877
6156
2399
1348
3663
2962
3739
6079
5880
3120
1889
7648
9612
4628
9057
6323
721
6503
6220
8434
1758
6553
3517
4578
7170
6019
6605
1165
2991
8096
6864
1293
9283
9750
373
277
1265
3014
8972
2312
5688
714
8470
5670
1511
9312
5911
9868
2410
7079
1486
5261
9852
7793
2202
7145
4084
4898
8074
1233
2703
7470
4413
264
9507
7123
2145
1520
16
4964
7380
2560
3469
4076
1684
6852
4069
180
6144
3349
4379
3527
2797
1036
2564
19
408
2504
972
2620
6609
219
8029
667
2151
899
1343
9444
8548
3489
6332
4121
3385
2149
5741
8849
8746
3610
8349
2803
5958
9100
7596
9465
8406
8739
7979
9248
3940
15
8790
1609
4636
1833
4938
6307
9027
5432
523
8324
1199
9186
8667
7879
2568
6336
982
5021
712
4545
3076
2809
1739
749
4215
2726
6281
8511
9066
2929
1621
9480
6656
395
1407
6174
3623
3942
5908
1188
278
9228
5046
3366
893
8207
5213
5252
6546
6055
4911
365
2146
786
4357
2042
7089
5572
2114
5842
5322
5356
1330
8958
145
8944
5551
7392
6027
2687
9146
3036
1926
2459
2493
5758
2205
390
2299
844
6840
8431
2530
124
4368
5690
2537
1835
1574
8868
5523
6173
8156
2830
3985
5162
7683
6227
6880
7264
9250
4387
9731
8186
3532
8639
3181
5001
6497
1478
6539
7250
229
8500
9870
5359
8769
504
1153
9985
8229
370
5672
3901
4257
9949
1698
3717
7015
5588
682
6623
5799
619
9854
82
1139
1008
4200
2983
4944
8109
5623
9241
1321
7781
8709
2525
3604
9903
2904
4400
2029
1943
6904
7684
5573
8491
1592
655
1060
8966
4919
7087
7119
5387
9137
7580
5010
3898
3254
2639
8365
2033
7949
7955
2128
8689
6299
9368
2763
6962
5774
4131
7872
3067
5956
345
83
1073
6627
2948
3875
7721
2789
1358
4557
7552
5063
6109
7444
8480
3991
7242
1773
7221
3286
6066
9865
9511
652
2884
484
7496
6104
3482
1968
7120
2621
572
616
9948
6230
3437
6065
1181
6733
8557
4086
9266
6915
1289
8023
3528
6803
6184
5525
3938
881
3672
8738
8626
2026
3306
2543
6797
8782
2147
9588
5235
1099
392
4832
6490
5570
9139
7961
3882
7505
3307
4202
6331
2796
520
7187
9385
8862
7290
4983
1821
2031
328
1354
1208
4371
2111
3967
5096
2773
3026
8266
8829
2181
732
670
3025
6305
1329
9155
2731
2831
3808
3856
1686
9760
5255
5647
4082
6677
3865
4912
4663
3888
4174
508
8698
1632
9033
3818
5084
3406
8571
2942
8753
1022
3964
7022
729
7693
5420
2635
1691
4327
467
2569
334
3483
643
2116
9577
4576
5681
3546
7333
4978
8223
2030
7593
5075
5087
252
9937
4205
9658
8193
4412
3639
5583
9314
1342
7875
6869
4455
4307
4378
1640
6607
1916
1996
6394
8313
4967
825
3702
4256
2610
4969
7569
9319
224
9991
2229
1240
6030
435
5713
2058
2541
2613
2398
4309
4966
9345
7388
3727
7782
4319
5358
882
4019
518
8562
3921
6560
7267
3787
5757
4726
3444
4660
2503
582
7289
8076
1928
4699
795
5227
2188
2094
7584
9165
351
7004
8016
2073
5493
7835
3464
8831
8457
2129
7330
1570
3891
4843
2594
6404
2768
9004
3115
1369
8820
5473
3429
8483
1967
2198
4308
657
2166
6158
2443
8322
705
7727
8665
444
6738
517
3039
5514
3895
5165
7779
3525
2208
4862
1410
235
9563
2877
6416
554
1911
5377
3887
2315
2340
869
5144
2107
8021
5889
9753
2681
2762
6151
3803
1136
8963
2658
955
1040
4907
3715
3948
7862
4310
7522
6986
7978
9187
3851
5117
2737
8688
562
7512
2220
6647
5343
9815
5639
3170
645
6943
6750
9976
8304
3221
2228
9844
4997
5173
1232
2125
8352
4373
7117
7110
4384
7288
6689
9900
5148
7074
834
4196
722
8759
2890
479
1400
5833
9894
2885
6968
1942
8907
4672
4958
1148
1146
8209
8271
9379
6134
4179
1180
4321
2819
6691
8923
8866
5964
2601
6086
7141
6976
266
5615
9838
103
4164
1259
2562
4430
9473
2856
221
5748
8952
9390
2682
3861
341
6787
2097
6788
8329
2140
9432
7095
5853
6534
9776
6063
3699
2646
9688
6245
4738
7345
1605
6945
8803
4566
8041
8143
5536
3124
2893
4299
740
7102
8792
9151
9686
8684
4657
3871
5857
5782
6288
1069
723
3998
8259
8890
2934
6393
8584
4454
5861
7739
5568
5904
2064
4899
6825
7753
4477
1215
7691
5069
3246
453
4965
5303
5579
3709
9529
8176
8515
669
5342
5756
3458
1081
7219
1969
4073
1072
3703
7785
4661
3102
6991
2358
1843
65
7396
8358
3827
4895
1750
4951
4474
3965
214
6199
4087
5938
3111
409
1756
8787
8802
4689
2215
3443
6569
7243
2742
4348
9630
2085
2713
2077
8530
3643
5256
9047
5482
1284
2402
8989
5340
305
8034
2264
3932
502
1419
8328
933
2724
5068
6692
8540
3365
3674
661
8995
7626
1388
5777
7103
429
6446
9083
1200
8175
5024
8312
6007
7811
3500
7633
200
294
6213
1660
6161
1527
6335
2237
8726
4126
3038
5449
4135
8391
8361
2982
9230
6879
5689
5421
3735
1514
1936
1633
9268
1422
151
8127
6238
9808
1817
7428
3074
4859
625
4698
9034
7306
3213
3650
3154
7537
5339
8801
6593
5516
6221
1270
5066
6431
5752
4100
7204
6755
3496
4754
4249
18
6722
8290
7774
1294
5344
7105
2699
9665
3351
2783
8240
858
3771
861
996
2629
9249
2356
8256
1100
4798
4561
8727
244
5556
1732
4948
7239
5407
668
4190
357
4313
8936
8814
9504
3632
6487
5895
9179
9990
3086
9960
469
8994
9663
5225
54
5257
9823
1975
6523
2217
8284
20
3041
2922
9468
4259
4963
9281
8057
9476
621
2916
5618
3356
3660
8202
6496
9360
9869
7262
1044
6123
6948
6471
9263
2187
9172
1657
7525
1306
4822
4119
8444
3828
5413
3245
9709
2190
6082
7746
8594
704
9603
8955
9052
515
898
3092
4283
5846
7804
8949
9518
9924
9344
1481
8294
9133
1014
1120
4251
6576
3713
868
4245
6985
8926
8631
1530
8570
4136
7906
3872
8348
176
1063
4238
2632
5453
5251
6524
4776
7393
1112
9904
186
602
1844
5211
8275
6781
1310
495
5429
39
4541
3421
7156
3972
3369
1065
5980
4290
3315
3688
2771
4228
9391
5233
2167
3396
4704
7094
9365
681
336
6068
9157
8267
7259
8428
8007
3928
2350
6662
7827
8027
2790
4849
3494
5428
7054
6878
4884
5702
4829
2497
3018
5765
8938
7689
7280
7924
131
4447
1747
4821
3806
3135
4217
4716
2576
8427
947
4795
7787
2025
9254
6080
2084
1760
7704
5187
9494
2416
42
4900
1325
3284
4168
3404
29
7192
1105
9308
558
5437
2470
5159
5179
9556
6364
2902
4436
8025
6513
6893
656
3259
4158
1437
8593
1770
6771
4810
2284
9600
3329
9131
3805
5801
5992
601
8748
4934
3772
2511
50
9424
8218
9335
3869
988
1414
326
3108
6013
4906
2337
3919
8859
2603
2391
3466
2655
4514
8148
8527
3291
7745
5989
3173
4093
544
2905
6568
1774
2460
5044
3920
9845
3759
5132
5710
5496
4574
8696
424
9876
9486
900
9654
9895
6188
6233
3008
2439
2555
9718
2455
1360
9704
9660
3142
9860
6091
3382
315
5612
2096
4220
5621
6097
9224
9373
9763
1561
6399
5107
5643
5346
2872
5440
7059
6350
5186
8197
6400
9971
2501
4041
2336
8248
6011
9561
7476
9237
7252
5499
4088
2570
8000
6016
4782
4570
483
3082
9836
1490
9738
4236
7385
1440
8834
4437
66
9193
1242
6586
7152
6355
1151
1681
6152
3358
2227
7672
1662
2286
5328
8067
3751
8796
7595
6984
9950
8017
141
6401
8221
3403
8532
8679
8767
5220
2484
699
4445
6142
2360
6302
8274
3560
4322
2753
7381
620
4417
8287
2133
1771
342
9585
2574
4685
4875
4519
138
2045
938
5004
4312
2715
6631
3452
1266
3015
7757
9667
419
8735
2313
1518
465
2334
2027
9474
5477
4542
7180
5273
1713
8870
4619
7486
6776
9917
7628
6837
3417
1041
349
6845
5828
6508
1558
8272
1751
5008
4048
9410
8309
4018
7542
8426
617
5947
3424
7915
6437
5986
2854
8525
6851
7837
2567
7305
2319
3559
4414
1122
4573
5490
5198
1501
9757
2833
9045
2577
805
9408
8720
9524
3242
1820
5789
1207
7557
2764
9604
4641
8015
8280
7398
6575
5025
535
2158
6194
7994
6197
7008
7386
2685
9296
5097
3625
6905
7972
7829
3821
5120
7625
8529
6865
8114
8835
1548
1953
7803
3831
6482
8152
6714
355
313
5208
7340
8128
8182
1871
1476
1468
8934
291
3945
1604
4362
4023
6806
421
7876
7468
440
7506
5505
6275
280
2413
2878
9849
2024
6839
951
248
7808
117
2050
9527
9208
2551
4429
2016
4760
88
9875
5268
8040
2130
4415
1166
9635
1058
468
1526
2231
487
381
9150
6095
821
7846
4768
6203
6606
152
6029
9601
1550
4909
9636
7261
3946
226
6730
3766
2976
7888
6424
4173
2328
3393
851
7295
6319
5487
6137
8300
5397
1804
4058
4208
827
3812
7577
6658
7193
1901
5282
738
6413
1187
3302
1034
6359
7184
6661
9371
4932
301
7064
8724
2531
6675
125
6726
1504
9881
4172
9409
44
398
3394
614
6890
7802
302
5616
9651
6126
3840
8676
4998
8363
3874
6425
5408
1429
8798
7495
5553
6146
5292
7397
1864
1491
5918
5677
2298
7716
4239
5925
8075
6026
7201
3435
9744
3820
7697
5458
9756
4544
6564
618
3936
5121
9643
1276
4074
4656
8310
2669
5738
6960
5792
1973
9326
8376
3926
9827
1892
9127
1905
3229
3859
2532
6518
3201
4288
6493
4370
8285
9278
5472
5854
4160
5341
755
9995
3399
4865
6285
6998
9620
676
4035
2218
2303
4525
7518
3397
5289
38
9794
5785
7551
9541
8850
7363
956
9071
9568
7871
4279
1979
5696
2240
94
5760
4223
5594
1453
1665
7216
316
7863
1927
5045
9999
1135
3711
1028
7759
1031
9814
875
4696
7114
5115
3183
7359
4535
3312
9315
6277
1644
9431
4127
5617
1556
9500
4361
362
4014
989
5481
6720
4774
8783
2028
1937
6520
7741
1818
6036
2049
2052
7719
971
4072
8251
318
8855
6000
7075
8609
9236
7189
5028
6936
8187
1225
7212
4253
330
608
1241
5389
5657
1626
115
769
3778
8479
1032
1891
2678
6054
2881
8331
5676
1562
118
2604
9732
7967
475
9996
3944
8052
6248
6970
2252
5746
5223
9156
1296
8373
8619
7227
2321
4060
5022
2780
6040
959
6630
452
1971
5199
2014
6572
1339
1313
6380
2436
8773
8134
8832
9076
4853
2993
785
1245
5834
4459
6131
8247
7650
7287
6913
9021
5622
7422
6479
5725
6921
3152
7038
9458
8013
8983
8314
7543
6439
5215
8774
5464
1255
6115
164
9036
1759
4596
3233
40
4434
4083
1273
2418
1110
9819
9805
359
5655
8345
9941
4478
3653
2124
1498
6190
7023
1836
90
2602
4649
8390
952
2280
7777
9361
1140
1017
1795
9739
6597
8552
4834
6843
4107
1467
8486
4587
9167
2012
5418
1319
2137
2506
3237
8421
1791
3031
7202
2155
8715
9647
7322
1588
1513
2256
5134
3606
5885
6206
822
8838
7323
6522
8585
3037
4613
1986
6149
2778
2495
2479
2173
6543
7581
5999
3282
6868
4504
6973
7247
734
3677
3408
1830
3839
3372
6696
5447
8817
6614
4985
9623
1176
2590
8984
462
7367
1465
7544
7687
28
9124
4784
7722
7847
8305
6792
701
6369
7237
3066
4606
6470
3073
8531
4090
4764
7572
5893
3413
7624
436
4144
974
6717
142
8847
4621
5528
4406
5284
9399
6293
5307
8865
3868
6074
1272
6665
2556
2981
8819
1620
4531
5460
6544
2952
4326
2043
6521
136
5484
5137
3468
8874
2249
3579
2262
3392
3508
2172
4747
2174
5729
8450
5882
6551
3512
7303
2282
2794
6583
5110
639
1709
7474
8997
8146
5932
9619
9330
6321
8038
3000
8201
677
9980
4830
860
3741
531
5409
2714
2250
6494
6195
9970
1376
2143
5816
5154
3502
7742
7809
93
167
3260
5951
6192
1247
880
6783
4819
9404
9386
3565
7257
5094
6876
7353
1984
4611
5406
7824
412
6802
7571
5240
666
7853
2238
4989
3600
3648
9622
5019
114
2472
1210
4285
2046
5224
1441
286
8863
5091
1883
4495
4676
3386
4762
7041
4721
6610
5059
2858
6119
7366
870
5099
4138
5767
4847
9277
7578
4026
1584
3486
3719
7899
6642
6023
4506
7912
6862
4195
1495
6261
2977
402
5502
1054
7319
2579
2010
2206
2265
7274
9590
8633
2643
423
3553
1726
1433
2341
9206
8494
2095
1392
2226
7046
8947
413
70
7091
7607
698
6215
3842
9910
4841
8277
1226
803
6010
7921
8412
1571
7248
6371
3029
5811
7703
108
3129
7125
7461
4639
5009
3939
6143
2454
3670
7826
3097
5287
9103
6674
46
6958
4837
3046
9591
7676
346
126
9478
9720
6971
1590
9069
6634
7084
8380
7989
1884
1579
543
5714
559
6017
9661
4031
7164
7231
9032
2426
5216
4375
4231
3934
9119
6581
3673
2333
1913
509
8180
8208
7199
7592
9671
5486
7040
2813
840
7960
7299
8149
1083
2728
6748
8078
5554
1479
780
4622
9520
1097
1854
7509
6306
3540
7131
5991
2911
4682
2868
6702
4702
3123
4421
1707
2908
9392
3114
5196
1150
3783
1416
5506
3689
7627
3105
6198
4029
1231
3784
6896
1229
8996
8064
8885
5452
3060
9929
7549
332
4323
8771
9569
3126
2260
2670
1445
356
1428
7878
2242
2150
9644
5419
9107
1941
7971
4855
5348
5032
8577
6704
5543
2978
6809
2404
7441
2387
1230
1894
7129
809
1701
5669
2191
9387
5519
3530
6162
568
5095
4674
9381
5997
3400
1507
1485
4797
790
295
7007
8344
984
5761
5504
2700
7245
2954
2755
807
3288
6925
2653
4153
2874
1257
7260
7553
9784
2619
2843
527
2021
539
2450
606
2279
9552
3332
3744
8903
6176
6804
8917
404
9740
7820
7360
6339
2966
2956
8795
5858
1005
3375
886
1900
6744
5475
6116
1253
1308
8789
3781
5596
354
9613
2061
7364
3511
9642
2433
6644
3273
3923
9982
7638
9143
7894
73
456
1809
8092
746
916
3607
4864
3679
6820
6916
2967
5334
6014
2720
6024
5867
5373
2362
8985
9402
9389
2204
2041
2406
7051
1113
4440
747
6882
2411
7001
5175
7533
3057
3024
1344
1021
1147
5088
8945
1421
78
9081
3432
5723
3261
2498
4286
4225
6058
713
6202
8233
3704
4809
9890
7072
5937
519
6296
9584
6127
8002
2876
3487
304
9140
8461
6764
4479
5271
7026
2210
8069
5856
9874
7090
5872
8545
3825
394
1544
8104
228
1260
4580
1093
5832
2616
3589
4157
3707
2287
1070
3441
6015
2209
3480
9572
694
6721
9170
5444
6886
1055
5349
7356
9075
5455
5136
6234
8541
6076
3021
6894
4802
2293
4224
194
2162
2269
8478
6081
7540
9812
5533
8299
1317
9324
997
1277
8699
9692
3633
7331
420
6320
9618
8326
2474
74
7482
1209
4586
6186
6919
793
3049
9395
634
1349
4780
6799
1794
1670
7332
6244
6883
7723
7654
8379
7755
4806
9352
6265
7555
1197
2452
2274
8788
5131
6901
5204
4363
9687
9088
6694
7073
3169
847
4960
6223
3277
9028
3849
7686
4511
7889
4869
2478
311
3630
8643
348
8825
9426
687
3748
9492
591
2168
4450
2676
5476
9825
4104
6616
1858
3051
8711
3886
2396
9984
4396
5086
3754
7830
917
4791
3767
148
4344
6527
7166
1702
4789
5546
53
9513
8921
1824
3428
4332
8700
1887
5968
8235
1879
513
3050
5564
463
6589
1951
1535
2520
841
4653
5055
6390
6247
2502
243
6182
5780
7792
1246
9977
5285
5006
1861
5831
1079
9121
6035
4522
7301
1600
954
6135
2192
3753
7361
9725
6959
8012
1733
6758
2873
1827
9508
4482
862
4857
6434
8133
450
6740
8550
1092
4027
6316
190
8338
5386
5309
8227
7909
6542
3150
818
7734
3747
2907
3175
8845
3238
3541
8621
2456
5164
9073
8399
4028
6381
4954
2193
9332
472
256
7446
3768
1048
8521
7918
4890
8255
592
2972
6444
5542
9358
9060
3166
1856
9031
5585
4575
4556
7387
5644
7343
1849
6379
8928
3978
8429
3912
1439
4070
5163
1056
7612
7718
5671
1585
1470
7709
6118
8876
3223
9549
2102
8976
5370
7801
2558
7271
5036
5065
3714
9093
9012
4266
4818
2775
9354
4303
4471
2862
4034
5683
4497
7705
7173
1049
2586
2647
7298
4354
8656
5002
7860
8642
9221
4975
6768
7448
6752
9646
5962
5876
7976
702
1568
3065
679
290
6283
5545
7614
7032
7447
2955
6083
1205
9726
9356
1857
67
7940
782
1291
8793
501
7431
8846
7514
26
8836
919
5631
4949
5299
1630
2707
4719
9328
5469
9256
773
9698
2735
3550
7368
4936
9198
1792
6148
4055
7508
6530
1133
8800
9035
8943
4612
2518
644
1940
5899
7419
3247
629
7702
2805
9959
8510
7424
5242
7373
2834
1813
4572
2017
9112
9350
8608
7667
6124
752
3331
8405
3563
6225
6492
6107
3088
2301
6180
8488
2888
92
1333
4388
4987
1607
2131
2080
171
9229
3248
9674
3128
8605
7573
2906
7636
703
3022
9270
8924
7929
5809
9087
6387
7409
4022
2732
5826
9945
1847
1931
2930
4882
1117
7423
268
4300
364
4461
7664
3236
2645
9785
5695
9907
8070
4221
6298
4092
324
9531
928
3513
1618
3188
331
1671
9962
3893
5133
4610
9284
3959
2180
1149
7881
6547
5384
7225
3362
5817
9199
3132
3507
490
5210
4333
3226
2549
5168
6240
8130
5894
4933
4671
8553
6978
5430
6946
968
5537
739
8632
6765
4854
3592
1673
8939
3844
1737
9887
2927
5507
3333
1338
810
815
1551
3614
7905
7307
735
1801
1141
8245
9054
7993
135
4038
8692
1039
5548
6762
6177
9596
8725
7815
2219
9227
8583
6028
5085
4733
3749
9272
6881
5812
4142
213
5474
9828
6343
2860
2684
1950
969
8179
9482
8682
2990
9566
6743
5352
9070
3157
5994
9972
3407
6827
8555
9135
2817
5624
2054
8877
5283
1532
7098
9219
4562
4062
3090
1957
7092
3481
1720
3666
5794
3161
4152
8046
6885
270
9768
5775
9872
7415
7833
8694
1309
548
5489
2224
5912
8647
1378
9510
102
1171
7944
1469
6808
4329
4476
2892
8088
8020
9049
8403
2169
6500
7473
3758
7630
317
8672
6952
7284
2196
4067
1718
4209
1964
1711
6954
4536
9285
4626
580
5034
589
5371
7093
6834
6683
5315
4469
6276
2886
1641
3729
7998
7771
9666
3497
2324
8281
888
111
4779
9567
2960
4720
56
3485
7926
7456
8644
2870
9337
4079
5354
4296
1434
9118
2039
3774
8542
7025
8206
6841
4265
5172
7230
1845
9675
5550
238
8321
9015
2651
1043
5078
2582
2101
5427
6136
8477
3734
7750
9436
9746
9770
7293
632
8288
5394
3506
1989
2138
9722
3455
7570
2557
3746
9540
4342
2741
1271
4972
7511
8556
5656
2247
8364
9955
6727
6034
4546
2405
5298
7963
5827
6579
4339
8770
9501
5037
9898
3568
6440
9425
4740
5728
8596
3080
3401
5577
2671
8895
8205
7957
4771
9594
1196
3053
9517
3752
12
7376
9956
5711
9217
2736
245
4103
8974
3581
833
9597
3388
2867
8022
7635
3790
9078
3866
2920
9110
2435
9886
4281
6519
3357
8674
3058
6110
8445
3980
8062
1184
9519
4804
6680
2259
321
360
6601
6001
9040
8387
8905
4931
6052
4693
6207
2591
4840
4443
2921
662
2980
2183
5336
8452
5795
9481
8058
4331
4852
4438
588
9056
1214
2637
2642
8004
3583
6895
3056
85
9477
8320
2001
4839
7892
403
6713
9220
3977
5101
7399
4503
4305
3185
4226
4458
6117
2417
6584
9818
10
2462
7936
784
3922
7930
2599
7334
7589
8126
37
5607
4230
1011
2453
7124
9983
4858
5963
9257
3539
3414
5067
6433
5060
9639
3116
1602
5395
6165
3796
9696
7629
8703
4687
8311
1872
2233
2924
3838
1121
4493
1935
3010
3915
5547
5520
1432
7582
5003
6735
1018
5531
7050
5470
647
3098
2068
7118
3252
7352
2142
8867
4270
6395
5562
8717
783
8721
5158
5498
3809
9866
5724
3463
2009
1462
8973
172
7644
9340
2309
593
9574
3877
2895
500
4727
9806
8737
5897
9766
1037
3686
2372
7561
8968
4878
3801
8554
8653
4984
7400
7483
8597
3676
1368
230
3629
6341
9927
5290
8269
9025
6181
4756
3091
2941
1074
9759
1442
9232
9092
7919
6085
8260
5582
8706
6270
9019
3585
2970
2316
648
7017
8293
8448
3927
3745
3003
9460
6278
6769
5983
6582
2747
4267
1622
4927
2791
1372
1361
8264
1841
7210
4301
1714
418
2392
536
2517
804
865
7195
9215
439
5772
63
3205
9857
6836
6725
3659
6533
1128
5933
7622
438
6172
7049
4947
4393
8414
8166
9174
157
1918
3380
3162
4025
9214
7312
9947
1224
5769
1382
8914
9455
6512
2598
8222
9966
2996
4783
2949
5776
1275
7042
4598
9803
4959
756
9628
5517
2534
9788
3661
5212
3953
9787
4314
1194
5886
7309
7194
9414
9346
3077
1279
1352
8915
2403
185
2011
837
7085
2401
7639
8558
1985
9800
4794
4643
2820
4244
9957
9072
9963
1643
9095
7341
7554
4261
4824
637
2721
7061
3079
3925
9657
8993
7713
5719
9579
10000
212
9855
2698
5737
4981
754
7726
4930
3189
4295
2626
6757
5035
5423
1993
3995
961
691
5219
8897
1159
2329
2777
8761
1508
3475
1323
1071
9595
7410
4567
2617
1669
4046
3576
2289
6251
5574
743
2729
6032
1676
5784
7459
8437
3398
8881
7449
9702
7143
1268
2290
7545
6153
5764
7838
2561
600
3885
2283
1007
8087
5754
3852
6557
7433
642
9713
5054
6660
3214
7679
9807
2992
6615
6592
6559
7975
133
2958
2451
288
8473
9211
4769
257
9505
8638
1576
7868
5734
2751
8098
8666
9565
7623
3941
5743
6779
2649
3879
4315
6067
4920
3180
1768
5865
9858
3914
7083
4457
8438
7337
4538
5317
1981
4897
3293
4129
8827
4658
8409
6212
3929
5304
8509
7717
8969
2079
5863
5592
9655
8395
2912
8079
9537
879
6329
4713
4945
3908
1129
5969
9892
9546
9497
5188
27
307
2317
422
7002
1749
5965
3548
9372
8992
5043
6087
7965
5526
98
1236
931
5414
8261
7014
2752
8910
8265
8192
2223
7251
4861
2127
9291
7669
5081
9680
6795
6811
3249
8468
5815
750
3379
2674
7775
9978
168
7597
8675
2961
7877
6237
3876
3601
3007
5810
3966
8842
2988
715
5929
3322
2919
7845
3287
4177
1000
4380
6562
9264
7760
9213
4705
8392
3535
2104
177
3337
1327
7769
4712
3954
6999
9006
175
5960
6679
9334
8750
7402
5305
7964
6397
726
6249
5665
3279
6942
2255
9014
9
1143
3637
4844
8891
8765
1678
8579
3721
9918
6602
3211
8810
1299
1779
9506
5555
9185
5230
3285
5653
9891
3873
8401
3219
8886
414
9353
4134
4420
1842
5231
8375
2850
7939
1543
9780
6348
254
6966
2485
344
709
6821
6326
9602
9030
1525
8871
2705
5540
5441
8453
9443
1825
4210
9769
4892
6412
9846
4385
3883
2716
2519
6262
3292
6944
1175
7071
3683
4550
8697
4615
7169
1460
6793
1290
2179
267
6587
8121
5835
3813
1629
8236
9856
5244
7065
7933
3326
4648
5265
265
3896
5329
7591
3549
8239
5424
2243
5668
4803
4923
2100
6056
8764
8536
6458
1972
6420
5599
7828
1705
263
5250
9897
3104
5871
8560
7984
913
446
3824
8961
2213
5629
3373
9469
7132
5613
8561
6669
3195
3420
1805
3566
3587
4922
3640
1331
1019
7130
3823
9564
1002
5450
225
547
651
8930
8708
9018
5628
5226
9649
7109
7228
9893
5056
7535
1152
4234
5114
8369
5783
6208
6933
7902
6436
2835
1182
6100
3084
3117
432
6486
5058
1866
3543
155
6038
8818
5768
7457
5074
4874
8026
2650
9029
3436
6463
6822
6549
1595
6563
575
9834
1420
7006
6596
308
3141
7369
9438
5952
3395
967
566
5368
1228
3442
6525
1326
1324
6451
4583
1137
3519
2607
1461
7122
9276
9998
6200
7806
3724
8964
9238
2898
8882
545
1161
2437
4320
5709
6096
9528
2212
581
605
8778
4757
303
1902
9216
6988
5492
7172
3973
9434
3165
4066
5693
964
3251
5888
5301
8701
7874
2849
706
60
4004
9461
7882
9790
3588
4356
6810
1925
1724
6711
8629
4946
6965
9877
4501
2694
6699
7273
4988
7665
2614
6356
866
393
6304
5324
3621
8898
9816
4748
7481
220
4263
1038
5122
6789
9153
2055
680
3264
6875
2082
6009
3440
3263
2897
9472
3725
51
1118
3996
4589
415
234
7188
2712
3390
3738
7126
8327
5587
6228
3472
1826
1736
9707
246
9163
2668
9752
4856
2945
2139
7384
7471
6709
522
320
6461
4112
8066
7995
4328
3433
9605
7999
9115
973
1302
2078
766
2882
6625
2987
7895
7426
7310
1868
5873
105
1800
4939
6021
1287
3198
2444
2923
1115
7632
5338
6928
9111
5360
2148
6282
5000
909
8932
5495
3769
3909
6545
4408
1652
1003
1839
1659
9576
4554
633
4814
4616
7842
9142
2431
9169
447
6120
8948
6209
730
6292
6693
2957
6828
7507
6716
6548
4753
8837
4047
5361
9587
1020
7819
2521
132
5135
1408
4518
5319
9448
2353
1186
3947
3963
597
9847
5732
7699
3782
9820
3907
7283
9065
6816
9091
8001
8723
7503
5103
2154
4993
374
2595
1169
1217
3239
1863
3988
6824
5640
1489
1917
9162
9451
8459
3445
8604
778
3425
797
7907
3970
5609
4995
6358
6541
5705
6858
8463
1958
1220
3103
3391
3916
5993
957
4201
8954
2370
4487
3899
3596
2310
7763
5686
8575
1948
4248
2176
486
6949
1285
6705
166
7768
8641
7450
3802
2798
823
6169
6071
1412
6759
4149
3299
4516
8359
3692
5530
33
8424
640
1158
3217
8534
9442
5053
8977
6322
7698
5651
2185
2507
7394
3030
3763
30
2900
8940
1167
79
3986
4827
2380
4742
5197
4146
5411
7668
8645
9194
8196
1816
5468
5431
4465
5247
942
9535
9992
9108
9831
2772
3900
2414
855
9427
7435
116
7956
907
2953
8381
2349
3235
6255
7948
2342
788
5485
5104
7485
4033
4509
7836
5236
1035
7870
3961
4724
6309
4711
1831
3918
7175
426
2652
7855
6997
405
6622
4801
1930
3094
3378
5064
3240
598
7048
8417
892
3410
4654
4015
6790
7218
7057
2973
4836
1211
6782
2680
9575
6217
920
3470
6164
8418
4377
3344
7497
7784
1699
7706
6608
455
5378
4426
2076
7339
9316
7694
6927
3265
2445
3256
6736
6993
6848
7414
8398
9059
2918
2739
9512
2197
871
159
4254
1815
6911
4381
9074
3210
5744
3950
3278
7816
260
7066
6791
7135
6590
9837
1288
4340
9965
2695
5946
477
911
1375
9149
2937
9041
9848
3529
143
399
9821
9883
550
5844
3984
297
838
7789
1521
5239
8766
5446
935
5684
4182
5480
5870
6552
6423
4304
4642
4247
1597
9774
284
4185
207
8559
1645
4068
2989
7839
5277
8160
9401
4581
6517
1777
3634
7893
3023
7434
7920
6084
6250
3043
8893
4008
7492
5291
1932
9902
2121
449
8337
8496
6459
401
2997
2481
4846
2105
4565
9128
9521
6279
4750
8904
4722
8578
1404
8991
2136
4398
6728
488
4419
1897
5646
35
9942
8565
4036
3370
459
8195
8366
4346
2975
6480
813
3732
1860
8091
7097
7158
1464
7752
5396
3804
7786
6033
1191
3095
3605
2458
5730
96
6408
129
8950
1144
3300
7062
187
7060
9833
7161
3376
3982
2935
9933
2623
2108
2964
8786
9538
2189
8808
8681
2974
5902
3016
819
4793
8164
1201
7464
4258
1516
7292
4870
1173
3283
1578
9470
387
6902
6668
8501
3706
6093
5108
6108
9684
210
1393
3981
9824
1062
5981
8857
1606
3618
4324
8740
3971
1292
1875
2257
7675
441
1303
3680
2103
7370
8712
3619
9867
7744
2275
6706
7655
8397
4409
3275
8291
8420
6484
7314
7493
8925
5314
7220
2863
4796
853
6745
8599
3409
6815
6659
6588
7101
4520
5013
8360
8807
8493
9096
7618
8933
9701
3164
5200
2887
4005
7728
3321
7900
4407
4232
4772
3061
8852
9218
565
4242
7411
814
7039
9202
8654
7233
8371
3177
9378
8734
7206
5143
9908
6441
708
8547
965
4709
6723
4243
3230
832
4120
6504
2354
9934
2508
55
5177
925
2355
2163
1966
7104
7327
6204
1477
7277
6370
6150
2730
3266
831
1204
2822
772
2276
2034
6189
8883
2839
551
2368
4905
2035
57
9175
6132
7443
4163
9516
5083
9077
4955
3969
6532
1769
9669
6831
3314
6196
1745
799
8505
5608
4268
3192
6983
3296
5805
854
6645
2660
1708
7925
3786
849
4815
6760
511
120
5595
9534
8099
9411
8640
710
7559
2933
169
2307
4422
905
3071
2122
2483
7405
1262
1350
2522
5988
2811
9767
5726
3347
929
8139
7794
6611
4193
9873
9483
1921
9375
7151
9632
8690
1955
6426
8244
8582
2261
4472
5604
8242
2408
1799
584
5294
2925
9761
3133
2995
3089
6975
2463
9691
624
1427
8777
3168
3514
2524
8063
1541
6378
8776
1131
7791
9764
9530
6981
7429
6415
6333
9132
2422
2326
5552
4044
985
2759
8785
2281
6732
8049
2985
5868
8482
4364
9624
9610
7751
553
6447
3477
7462
2554
2826
1312
6621
5955
9693
4695
4517
1125
2322
9878
8319
1267
8072
4568
3085
5288
4723
1281
4532
2222
4872
4337
630
464
6466
4139
8476
2036
8132
1126
843
8956
1785
3937
9532
7215
1700
6472
8117
4374
4730
113
2784
4694
5398
3989
4335
492
4577
7469
5193
7575
9708
6330
8826
178
43
7458
5781
2338
2352
2207
7788
7383
1278
8153
6585
7238
8967
7150
7055
6507
1822
8920
9362
8507
1531
9079
7351
9042
7927
6368
4189
1939
8754
2814
8839
5905
5264
5787
3700
319
6870
4109
6922
7869
3578
3328
3281
6639
688
2331
5126
4446
174
218
7783
1405
4039
2802
4833
5318
7500
2756
9712
4013
2037
292
2618
883
3542
8037
6749
5375
1455
4971
4744
6460
5636
4091
6210
411
7732
9331
6591
8273
1944
173
7294
9758
4464
2816
306
977
4145
3705
8634
2584
607
4555
8106
6328
4204
5302
7440
5535
7550
2038
3533
110
6798
2559
6448
6467
5635
5195
2225
4007
3047
6377
856
6926
4316
5941
7181
5840
6187
5850
8809
8350
7031
7452
876
3951
8054
5124
7286
4052
8068
1076
5847
8147
9677
6075
5704
5943
1399
1997
3027
7805
8975
3691
4000
6004
4935
1239
3012
5259
5837
7680
5157
3099
7488
9318
5181
8909
5127
5633
1052
7661
6888
5051
6912
1661
1706
2253
5015
4098
7068
2662
9271
9810
1435
4351
3690
3819
7986
4213
2152
8171
9884
9659
4207
81
8804
3416
7969
3476
8200
3830
4009
4211
3147
800
7479
3155
2696
1991
9369
8472
282
7565
1784
7981
9037
2091
3993
5529
1334
8142
8408
567
4548
3832
4918
8927
9026
9147
8851
1304
7325
1297
7996
5260
7541
160
8157
8508
3182
1748
7898
948
9253
762
3474
5914
599
9240
3675
5697
2382
2538
4386
4799
5679
3795
940
8568
1728
9548
2608
9850
7678
2761
9683
6666
6450
9783
3770
6216
5381
9839
3004
1234
3002
3833
8906
1850
1216
8535
2384
2823
1694
8141
1546
8083
2539
9305
2675
9905
2702
1909
5383
4831
3011
9138
3325
2120
7643
5901
5822
1649
8177
2661
5926
7253
153
4634
8763
7134
8957
3447
6409
9792
9359
6183
144
1539
850
2688
8830
7163
623
3492
5511
7917
5042
2641
6313
5985
5892
4623
9789
8413
1249
4097
5808
6708
8749
1084
4659
8120
1598
1123
4543
510
3274
3597
2648
241
1730
461
4490
8163
197
5020
2553
5171
1168
5896
3657
8101
9349
776
2740
6964
1619
8760
3764
2512
1594
4101
5637
433
1573
7657
8824
9913
7911
2297
2840
4510
1612
4848
6201
8544
8650
2448
3434
8283
6847
8396
385
7021
8601
4775
428
8892
4006
4003
4953
7412
4662
5751
2718
564
4952
7362
7425
7404
5416
3070
4441
9255
9188
7223
8462
2612
97
4593
1811
5351
2186
2386
6353
1411
1409
1987
9048
7908
8077
6361
8730
1717
3059
4788
9189
9430
7107
1746
9311
2165
4973
3974
1373
6185
5405
7934
7037
6352
3571
8005
5327
7887
2300
8986
659
84
1949
5509
6464
4336
1978
4439
5436
481
2844
4665
1929
521
5426
3125
5995
993
3997
378
4590
6325
5645
8080
4994
4635
5694
7427
9706
7214
3807
1788
1145
8504
6481
156
9930
5836
6382
7058
6772
7329
7270
3028
7063
6347
4528
6495
3353
3193
9773
7857
3816
2631
7291
2708
1596
9275
2692
146
369
1734
683
6125
4161
5898
2672
2734
3987
6897
2583
8297
2385
3202
2347
9239
6242
7140
9267
2821
9293
276
8588
5192
1493
9454
2112
1855
4825
5281
4298
3681
7121
4666
7556
8816
3289
4632
1790
9493
3268
7778
922
2677
4411
9640
4683
3522
7659
445
3062
4871
5706
7335
4486
2273
7521
482
9859
7326
4638
7652
7279
4410
9973
1787
7534
8086
427
8362
5759
2022
1797
7077
8636
1046
5039
2377
9485
8775
8611
802
5753
3318
5632
3537
2592
2838
363
1174
1061
3339
7445
6453
2471
3100
2412
9484
1802
7733
5513
3590
9347
5974
5970
7859
8663
7685
8198
9748
5167
9161
6303
9289
4284
4877
8929
2944
3224
3119
8174
5451
1341
8194
9348
1783
496
635
9307
7682
8410
2244
8747
895
8315
4828
6337
696
8097
9080
5272
5402
8065
5581
9364
3933
1103
5201
5771
261
6718
583
2596
389
8446
864
528
4595
1134
6774
2640
4950
2161
7171
137
5380
7324
8603
3499
7344
4176
8402
1867
3620
6139
7922
9749
6900
8249
8999
3363
1424
4056
1786
5680
4701
4913
9946
5575
3303
8111
7106
8615
9487
5478
9650
595
2889
8155
7938
824
6489
4216
4925
101
9736
6391
9771
5699
6128
1961
8538
5843
994
8035
3501
4502
2359
5098
5557
7501
2175
3335
9471
7200
1248
1954
9459
2390
3826
6731
1314
4383
889
1580
2344
7235
2606
1524
6857
757
8828
1731
7566
836
6133
1542
6454
49
5931
9580
4180
1567
3678
7970
6974
4916
1613
8262
6599
8343
2457
4133
8123
4181
3081
6094
5166
6145
9522
8307
6739
673
23
3208
7491
1381
5598
2625
3042
5638
4485
147
7844
366
902
658
3845
5353
1086
3381
2428
867
7747
3234
5848
8685
7515
3847
7480
1355
5957
2157
1716
3696
828
4456
8489
4926
6159
6260
4588
1655
3593
7302
9490
2071
5942
5312
2494
7891
6953
5130
9123
1635
4473
4703
8228
416
1261
2808
2089
2864
7027
3564
6775
6488
4736
109
7599
8100
7484
4264
5331
2388
9885
1494
4647
163
3822
8394
2099
8095
2909
4128
3983
3319
2847
3718
4505
1812
1057
2663
9614
725
1482
6334
1459
9120
2468
779
1977
5716
9664
8378
6867
4741
1243
191
7959
4462
3736
3389
8979
6510
4428
1888
3999
3569
2295
7560
8333
9398
6898
4539
4111
5610
1162
4167
397
2469
1874
9383
1430
6950
3364
6676
7611
9295
2786
3498
4071
7843
8006
3602
5954
6700
6025
6770
728
7937
4170
5140
5666
1004
5825
7708
3317
4435
1690
6171
6406
4349
3913
8860
4866
8419
7311
6863
4057
1538
7316
8813
195
6663
2335
4024
1363
1316
7923
9919
7966
3544
5491
2434
4860
3526
5234
8617
7234
2846
1157
4908
890
5593
4677
1384
9778
7460
8144
1088
5658
1899
478
4401
8755
9388
2325
259
4425
9298
7096
1295
7660
9592
8900
3019
8011
526
3580
8044
9653
1497
5807
4399
6372
6906
7952
2689
9920
7880
4448
1738
8162
9367
4099
5335
1389
5388
6375
7658
9499
4165
1091
52
417
9089
1840
8178
9730
9974
7358
8008
9489
9809
5793
4735
1882
4166
7178
2717
9711
4910
1235
3628
2320
1155
6384
8988
2851
5538
9190
9637
6613
8435
9321
8622
9557
5041
6844
1059
6465
6421
3635
3488
34
5270
8861
5462
8102
6070
442
1101
2086
5313
2738
350
8911
6311
8340
546
4085
3151
3323
3156
5841
737
9547
9242
47
3810
407
4838
7662
1772
4045
7179
4917
3575
8618
8574
2869
6982
612
5907
927
5269
1387
2535
121
646
5471
711
4330
1651
3276
7594
926
3338
5082
1311
4360
3001
6724
5936
1663
5390
7613
9306
1444
946
3789
242
3520
7454
3371
7563
887
1577
1624
3454
8719
7346
5852
6047
6112
8918
4820
8519
6617
9222
9394
5112
8598
6317
801
9496
4678
1672
4625
7354
3955
4617
3791
8630
3301
1908
8487
1764
2563
6829
7420
874
6540
2339
3063
6041
7730
3837
6428
4483
3761
4442
9299
6935
8962
962
8677
3130
208
6072
8355
3572
9648
1085
631
9144
7317
3515
9583
7487
4089
2230
9754
7082
5996
5266
1603
7281
499
1862
6418
1463
2787
1258
5687
6427
6273
4427
979
4353
8060
1752
100
21
4549
1075
1677
1834
3762
8931
3187
9862
613
4468
6410
2109
6698
6272
7275
4675
3765
4883
5412
9235
7391
2709
3662
4017
7883
8756
2446
6389
1499
2271
8346
4609
8498
2546
1406
8469
720
8670
716
182
9183
8112
5944
6259
1636
6243
4237
5797
281
4937
470
5619
5325
1848
3461
9154
6695
1648
9114
5625
6701
1397
5109
6271
7338
8896
3910
122
6193
4453
1533
2636
2332
4524
9560
9452
6903
1685
6565
690
8612
9009
8212
1336
7313
8878
7100
3453
3656
3904
9672
9204
8094
1654
4188
3342
8279
8253
5241
8110
8093
9320
8821
3006
4823
5119
6516
5603
5382
5839
9323
7029
6887
4901
7885
8990
3174
2056
3720
4122
3608
9813
9002
649
9598
9782
759
1721
6686
353
2002
9747
1664
6327
5750
6057
1130
9050
5561
2425
1998
4792
6160
9068
2040
7165
6987
2369
3792
9802
45
9734
5906
2727
9861
3467
5355
770
8370
434
5541
6246
8772
1715
3121
908
5890
272
2994
5184
299
5461
5488
9317
8919
7770
3577
4480
1519
4968
6690
7355
3573
5521
2007
9279
5641
9969
525
4061
4603
768
6872
5675
4297
2829
7080
1283
1727
6078
6918
7208
5072
3780
9997
3756
494
7538
3667
7177
312
275
7395
6191
5070
7529
1919
3387
1446
6264
943
3561
7997
7211
2754
5663
6051
7466
3935
4141
7982
5959
9422
4191
6006
4110
8254
3231
107
3722
6707
653
9136
1725
8071
367
1898
4592
820
4449
3858
4397
7056
5649
7590
1219
7111
36
6417
5014
6365
5221
2221
9715
7914
6932
5374
6219
9010
8237
6295
7182
2832
9043
5465
9357
5803
512
2757
2239
9126
6899
361
7946
8799
7070
6498
4194
3870
1814
6324
6483
9063
3336
8467
4240
700
8332
9309
4584
8181
6042
5614
6002
7610
2110
9384
3107
8009
2059
3491
4526
4358
7606
3033
4765
897
4652
5977
787
1256
1723
3814
8710
2467
6664
4655
1451
7604
11
232
89
273
32
9633
8036
3911
9462
3584
3096
1896
8691
848
3313
1974
3422
7003
2691
9899
7407
571
1952
9297
9212
6129
5915
8268
1371
3290
6476
8191
2178
9967
5982
1980
4289
4873
9339
1050
6101
1431
5701
3655
3330
7076
383
8602
6297
7315
3294
227
5939
3415
6715
6060
5559
663
249
6929
5717
9234
6515
6891
5364
8894
9791
7735
269
774
2266
5263
9439
8953
2383
5791
5922
9842
4620
2371
3742
3788
2926
2088
6941
8471
9958
9046
4743
3710
2894
2588
3556
7532
285
3078
6619
68
894
9638
1582
2419
8843
7974
5274
9627
6934
4521
5786
4250
1693
2946
3684
6710
6813
5232
2199
2528
4488
1142
6310
5238
4233
2767
4113
8625
4786
5891
3878
1510
2999
485
9694
262
796
1877
1051
8614
936
7406
6920
5821
1912
9113
8791
3220
6967
2376
6462
1653
6291
3258
9542
1379
8466
379
5544
7985
2744
8543
3479
6555
5090
9181
6385
664
6499
8514
2063
9192
8436
992
5685
8736
7263
2950
4255
1064
8024
8367
4552
6578
5237
4365
9981
697
6819
1893
6670
6684
8768
189
9921
2378
3253
4059
9558
5736
3040
9145
6635
6236
945
7308
7797
503
1213
4731
7645
382
6938
7841
4345
4343
8415
9804
6652
3171
6452
5362
3212
5385
9203
6366
731
3250
4203
9294
4352
9300
8858
2113
3627
6367
1529
9514
9735
6537
4700
4206
3545
9798
9280
4715
7174
6168
3626
4845
4534
4159
4886
1679
587
8335
7608
885
3196
7743
9152
4842
2593
1264
375
333
8497
274
1658
1001
560
3562
3368
2263
2971
8232
8869
5763
7236
1933
4904
4124
7416
410
8678
934
5921
7754
5814
7465
9705
4982
8492
549
6678
4976
3558
7677
9406
8520
7617
8978
5038
2184
480
7547
6018
9363
9609
6972
4929
2940
2609
2896
1366
7009
1472
9433
6099
80
3723
7700
5875
9310
8119
6130
6205
3359
577
8318
3200
2634
3516
8506
1095
7602
4218
4416
4717
3975
812
2936
1449
1450
7047
9044
9061
6889
6
9262
9936
1753
6053
5501
6349
6794
5945
406
9829
4752
3343
4491
9370
4759
9953
5113
7832
6048
2429
4940
5174
165
1087
7475
2051
5860
3459
5878
400
4986
5185
6141
7
2903
5033
8523
7738
978
149
8889
9016
6077
6253
3992
1402
3112
939
8031
4318
130
2216
9336
5467
2241
6671
671
9062
579
2348
7585
2200
202
1006
6961
3194
9441
8742
5497
8714
1067
3228
6340
7849
9727
3178
7417
9786
134
8185
8043
8422
9207
5976
7736
1026
4530
1881
5877
5949
8729
5869
1895
9435
3215
8458
9779
71
1315
2346
4563
2746
6429
7147
8840
3586
9797
4498
1808
9171
9177
4140
4080
5454
6045
5518
3716
9901
6224
9896
3694
7822
2156
7244
5040
7864
1552
8518
6777
9593
3137
3776
3227
3698
2126
48
8833
2679
6241
5611
7520
443
4394
7088
2968
3594
1650
3682
9562
1367
4049
7149
8055
3013
8170
4366
2393
4893
1417
532
6312
8203
4095
5116
9184
4812
8449
9864
9695
2119
5700
1625
4778
5864
2441
3603
2633
9578
1386
2776
5798
9916
4235
3817
4404
6514
7499
2488
2032
5762
5330
1223
3622
1426
7711
1995
9449
5778
2815
7372
9935
846
8347
7715
7451
2381
1528
534
223
2666
1127
5919
742
5050
6121
3979
7953
3636
4880
7342
1560
1611
622
6155
4602
5820
161
5190
3531
7729
1396
2323
3383
3055
9017
555
8664
7656
9341
6729
6346
6554
8215
9415
3032
1823
3087
8103
1053
6826
2810
5998
9397
4547
251
6767
8512
9304
2526
563
1873
1832
596
7886
2465
3134
4187
1383
6338
7548
3793
6388
1637
2375
2529
3863
8
3695
2667
7954
7069
1380
6747
1976
6003
7467
7825
9160
8351
9292
8278
6138
1642
2624
5365
7673
4183
2466
5401
2345
6892
7866
3595
2806
6955
2800
1124
7904
9463
4499
1359
5105
6632
8856
5620
1945
8935
1999
8030
3462
3644
4002
7013
1680
6817
4325
5662
9697
3624
7951
1627
9000
2845
7374
1963
4192
921
7941
2861
2153
5073
7019
2048
2311
8204
8301
8140
1345
2072
8970
6526
1766
6252
5720
8591
6753
7034
8172
293
5155
2533
6475
4990
9082
3158
3843
1356
1762
6318
4273
9051
7583
1778
4991
8589
3093
3064
627
845
6655
745
1907
2318
5928
2785
4492
2580
3106
8668
569
4278
1391
1555
5180
7834
8159
9247
835
2523
5071
8879
9259
4106
9689
6963
5664
7947
765
7438
3504
6442
7137
9729
1448
5707
3750
8959
7321
1286
8282
4102
963
7968
5326
460
9273
6392
4928
5031
4961
8658
9724
2827
6175
9288
2314
5691
6556
3611
1013
641
216
9413
5332
9407
8624
4686
8257
327
3960
4143
7401
8400
1924
6992
8912
72
2074
8368
4463
7641
3880
3341
5457
1581
3367
4306
9641
8815
5924
119
4227
5735
4673
3685
7136
5129
8695
3894
9244
1503
6681
1370
6157
615
2799
884
2788
557
3146
4432
5920
8616
5652
2914
5900
77
5606
5824
5206
3243
4816
9989
3241
751
4011
6059
3538
6022
6061
7526
9287
8516
2801
9274
7276
1177
4974
7854
7710
2442
9141
1947
8673
9582
352
4184
8138
6996
3411
6995
1517
3641
5659
2587
1068
1639
7160
2585
949
6600
9351
6039
4199
5194
7477
3427
918
9176
2880
9509
7418
986
1227
206
9645
6231
6638
7133
7564
1104
7168
903
5510
2575
2548
6812
9053
775
8913
3262
4171
9525
4889
5142
3206
8794
1178
794
8745
8214
3054
7413
3478
9251
7510
3857
1502
7901
6917
2542
9550
3905
9795
8308
7430
323
4148
4423
162
1009
6573
4311
6286
8503
5463
8188
1492
5569
4770
2510
1547
75
2664
9129
9258
9243
5125
5930
196
3903
7756
8784
9606
7516
6778
5258
9090
2745
872
6073
9148
4627
309
8059
7873
6763
3009
5866
8946
5017
6620
6807
17
2812
3298
5170
4957
650
4271
9380
6274
1646
3631
3305
7157
937
999
1564
7304
8353
7714
9625
5176
1838
329
6376
9396
4669
4382
9453
6474
1024
2081
4651
6020
6266
8334
3509
1628
13
4424
4850
6509
2891
5183
4105
7663
8374
2366
7695
5584
8474
2883
8383
3320
3902
9196
5966
376
8137
9457
7850
215
9020
5984
530
7167
998
9376
1185
924
5367
5029
123
3994
5522
6502
7378
7942
5916
5597
9008
8292
1365
1837
4287
5755
7720
3669
4594
9200
8713
4117
3917
6222
2500
7621
8590
7328
2600
314
1906
1487
4679
9616
3775
5950
7389
7762
2160
8716
4162
9817
7688
2118
76
2597
6398
4212
5156
1755
674
3127
7796
791
5141
1237
781
9944
9951
1447
6214
8965
8937
1357
6571
3567
2000
4664
9099
64
62
2067
7588
5565
192
204
4885
1914
8298
2733
6594
9961
283
289
209
474
8115
5372
7453
4418
533
2963
3737
6800
7348
1454
8680
9925
8460
1222
9700
2251
3244
5030
5718
4405
6637
4787
8526
2901
675
1474
7798
3311
5512
4734
4269
9205
6643
3862
2246
4903
1193
6667
9863
9799
3645
372
6229
201
9488
7217
5722
5642
3836
3652
1988
9553
950
1712
7681
6457
3465
7504
9420
7463
7558
5403
1743
4558
1457
689
9400
2836
3924
1500
4054
5089
5316
8651
1078
9589
9737
9685
9290
9421
6618
4601
7176
9260
2665
1195
4732
3297
4560
6111
457
9001
5425
5909
2725
8325
6994
529
4197
3267
6064
7086
4372
4640
8230
9440
3110
7036
3
24
2928
7437
1047
6373
4714
941
4891
7615
9094
8241
2473
6761
8539
7800
7240
6930
4763
4749
22
2374
2135
1156
9545
2357
8084
5923
3503
6633
8941
4942
4489
6909
5692
4668
6550
7740
578
4114
1674
8377
1990
451
6354
8595
538
128
9055
3490
104
3931
1307
6280
5788
2931
69
6746
5903
5459
2654
540
1589
5508
2270
8455
8563
1616
4293
1027
8145
4032
901
7207
4334
2277
3773
2115
507
6269
896
9130
4507
2236
2690
4817
7884
9586
2589
8637
1206
3755
9801
5708
1394
3450
3207
1703
8592
7519
5296
8263
8447
685
915
3350
9621
6657
7224
9343
1878
4650
5169
5829
5953
7052
6651
4147
3140
7631
3068
2552
5161
3457
2423
5578
5393
5740
2965
2070
5077
9994
5990
9423
7620
8781
1610
842
9178
3045
6846
7647
4902
816
6561
8743
2792
7116
4392
7379
5586
9261
7773
5011
8276
5422
5634
2749
1252
4214
3232
3167
3218
2117
9180
4030
8567
761
5630
6861
970
4894
4681
7081
2343
3958
2656
8704
636
4222
6167
7490
8190
9777
1798
6443
205
1473
1614
3864
5910
7209
3664
5391
3109
233
6049
7640
6528
8286
5855
4020
1010
5295
6574
1413
5061
9629
1587
9269
3701
9201
2947
4155
1591
8384
5023
9879
7913
3269
3035
1244
8136
2951
8752
1695
4751
3451
9322
5973
672
2706
4614
4729
3943
8576
9607
8655
368
7567
3113
4260
910
4867
1320
3731
2853
4198
1443
2482
6037
8659
7980
9085
8610
4376
7336
7817
170
2573
3668
4108
556
3456
1710
9938
9932
1689
8901
6849
995
3225
3145
9327
7616
2461
4540
1179
2804
2938
5917
6529
1111
5062
1029
8243
7436
8150
5321
9101
8758
6098
8165
4807
7992
59
158
2087
789
4766
9302
1557
2294
9964
4475
542
3143
335
5080
2424
5205
1763
611
684
2723
4513
1515
8306
1512
8649
2984
5214
1523
5524
4962
7524
6980
2917
2540
8451
8797
6856
4276
4564
3138
6102
9039
8812
6166
2943
2986
7814
9830
1012
3473
9405
6854
6697
8660
7903
7186
2765
5246
3799
1744
6833
3757
2544
2373
585
5731
3122
6947
9762
9988
9086
5093
5228
4272
7724
6719
5566
609
6712
6422
9105
9926
2910
2779
4992
6650
6832
1298
2288
1796
8628
6990
8546
6951
4591
5567
4585
222
4980
4291
7513
8258
9656
4367
2245
9023
14
5191
6737
5747
2855
9751
3990
5715
1683
3671
6860
798
5350
1301
1789
8580
3017
5961
3295
4077
7696
6090
2327
891
6734
6043
380
5830
473
5376
1729
2379
3072
5404
1869
6254
1466
9742
4881
3551
4292
806
6754
5770
2824
1030
2837
6170
6835
9117
1767
541
1509
8404
6979
4302
3547
3471
8342
9479
8528
7536
